 EVENT OUTPUT
day mo  year Precp  Runoff  IR-det Av-det Mx-det  Point  Av-dep Max-dep  Point Sed.Del    ER
--- --  ----  (mm)    (mm)  kg/m^2 kg/m^2 kg/m^2    (m)  kg/m^2  kg/m^2    (m)  (kg/m)  ----
    7    3     1  10.7     3.6   0.000   0.00   0.00    0.0    0.00    0.00    0.0     0.0  1.00
    8    3     1   0.0    16.4   0.000   0.00   0.00    0.0    0.00    0.00    0.0     0.0  1.00
   10    3     1  16.6    11.2   0.000   0.00   0.00    0.0    0.00    0.00    0.0     0.0  1.00
   12    3     1  10.1     7.9   0.000   0.00   0.00    0.0    0.00    0.00    0.0     0.0  1.00
   14    3     1   0.0     2.4   0.000   0.00   0.00    0.0    0.00    0.00    0.0     0.0  1.00
    2    5     1  35.8    10.0   0.060   0.06   0.06   19.5    0.00    0.00    0.0     2.3  0.97
   30    5     1  55.7    17.2   0.121   0.20   0.86   21.1    0.00    0.00    0.0     7.8  0.97
   17    7     1  29.8     0.8   0.009   0.01   0.01   19.1    0.00    0.00    0.0     0.3  0.98
   20    7     1  25.5     1.9   0.008   0.01   0.01   19.9    0.00    0.00    0.0     0.3  0.98
    4    8     1  24.4     3.2   0.007   0.01   0.01   21.1    0.00    0.00    0.0     0.3  0.99
   28    8     1  36.3     3.6   0.006   0.01   0.01   19.9    0.00    0.00    0.0     0.2  0.99
   21    9     1  32.4     4.5   0.005   0.01   0.01   19.9    0.00    0.00    0.0     0.2  1.00
   11   10     1  26.3     0.1   0.000   0.00   0.00   19.1    0.00    0.00    0.0     0.0  1.00
   12   10     1  47.2    22.2   0.073   0.18   0.39   21.5    0.00    0.00    0.0     7.1  1.00
   18   10     1  19.0     1.9   0.003   0.00   0.00   19.5    0.00    0.00    0.0     0.1  1.00
   25   10     1  20.8     1.8   0.004   0.00   0.00   19.9    0.00    0.00    0.0     0.2  1.00
